10 10
309136 223512 271884 193488 197936 299684 298572 214060 220176 231852 
223512 161604 196578 139896 143112 216678 215874 154770 159192 167634 
271884 196578 239121 170172 174084 263571 262593 188265 193644 203913 
193488 139896 170172 121104 123888 187572 186876 133980 137808 145116 
197936 143112 174084 123888 126736 191884 191172 137060 140976 148452 
299684 216678 263571 187572 191884 290521 289443 207515 213444 224763 
298572 215874 262593 186876 191172 289443 288369 206745 212652 223929 
214060 154770 188265 133980 137060 207515 206745 148225 152460 160545 
220176 159192 193644 137808 140976 213444 212652 152460 156816 165132 
231852 167634 203913 145116 148452 224763 223929 160545 165132 173889 
